0.999574
0.999137
0.9987
0.998264
0.997827
0.99739
0.996954
0.996517
0.99608
0.995643
0.995207
0.99477
0.994333
0.993896
0.99346
0.993023
0.992586
0.992149
0.991713
0.991276
0.990839
0.990403
0.989966
0.989529
0.989092
0.988656
0.988219
0.987782
0.987346
0.986909
0.986472
0.986035
0.985599
0.985162
0.984725
0.984288
0.983851
0.983415
0.982978
0.982541
0.982105
0.981668
0.981231
0.980794
0.980358
0.979921
0.979484
0.979047
0.978611
0.978174
0.977737
0.9773
0.976864
0.976427
0.97599
0.975554
0.975117
0.97468
0.974243
0.973807
0.97337
0.972933
0.972496
0.97206
0.971623
0.971186
0.97075
0.970313
0.969876
0.969439
0.969003
0.968566
0.968129
0.967692
0.967256
0.966819
0.966382
0.965945
0.965509
0.965072
0.964635
0.964198
0.963762
0.963325
0.962888
0.962451
0.962015
0.961578
0.961141
0.960705
0.960268
0.959831
0.959394
0.958957
0.958521
0.958084
0.957648
0.957211
0.956774
0.956337
0.9559
0.955464
0.955027
0.95459
0.954154
0.953717
0.95328
0.952844
0.952407
0.95197
0.951533
0.951096
0.95066
0.950223
0.949786
0.949349
0.948913
0.948476
0.948039
0.947603
0.947166
0.946729
0.946292
0.945856
0.945419
0.944982
0.944545
0.944109
0.943672
0.943235
0.942799
0.942362
0.941925
0.941488
0.941052
0.940615
0.940178
0.939741
0.939305
0.938868
0.938431
0.937994
0.937558
0.937121
0.936684
0.936248
0.935811
0.935374
0.934937
0.934501
0.934064
0.933627
0.93319
0.932754
0.932317
0.93188
0.931443
0.931007
0.93057
0.930133
0.929696
0.92926
0.928823
0.928386
0.92795
0.927513
0.927076
0.926639
0.926203
0.925766
0.925329
0.924892
0.924456
0.924019
0.923582
0.923145
0.922709
0.922272
0.921835
0.921398
0.920962
0.920525
0.920088
0.919652
0.919215
0.918778
0.918341
0.917905
0.917468
0.917031
0.916594
0.916158
0.915721
0.915284
0.914847
0.914411
0.913974
0.913537
0.9131
0.912664
0.912227
0.91179
0.911354
0.910917
0.91048
0.910043
0.909607
0.90917
0.908733
0.908296
0.90786
0.907423
0.906986
0.90655
0.906113
0.905676
0.905239
0.904803
0.904366
0.903929
0.903492
0.903056
0.902619
0.902182
0.901746
0.901309
0.900872
0.900435
0.899999
0.899562
0.899125
0.898688
0.898252
0.897815
0.897378
0.896941
0.896505
0.896068
0.895631
0.895194
0.894758
0.894321
0.893884
0.893448
0.893011
0.892574
0.892138
0.891701
0.891264
0.890827
0.89039
0.889954
0.889517
0.88908
0.888643
0.888207
0.88777
0.887333
0.886896
0.88646
0.886023
0.885586
0.885149
0.884713
0.884276
0.883839
0.883403
0.882966
0.882529
0.882093
0.881656
0.881219
0.880782
0.880346
0.879909
0.879472
0.879035
0.878599
0.878162
0.877725
0.877288
0.876852
0.876415
0.875978
0.875542
0.875105
0.874668
0.874231
0.873795
0.873358
0.872921
0.872484
0.872048
0.871611
0.871174
0.870737
0.870301
0.869864
0.869427
0.86899
0.868554
0.868117
0.86768
0.867244
0.866807
0.86637
0.865933
0.865497
0.86506
0.864623
0.864186
0.86375
0.863313
0.862876
0.862439
0.862003
0.861566
0.861129
0.860692
0.860256
0.859819
0.859382
0.858946
0.858509
0.858072
0.857635
0.857199
0.856762
0.856325
0.855888
0.855451
0.855015
0.854578
0.854141
0.853705
0.853268
0.852831
0.852394
0.851958
0.851521
0.851084
0.850648
0.850211
0.849774
0.849337
0.848901
0.848464
0.848027
0.847591
0.847154
0.846717
0.84628
0.845843
0.845407
0.84497
0.844533
0.844097
0.84366
0.843223
0.842786
0.84235
0.841913
0.841476
0.841039
0.840603
0.840166
0.839729
0.839292
0.838856
0.838419
0.837982
0.837545
0.837109
0.836672
0.836235
0.835799
0.835362
0.834925
0.834489
0.834052
0.833615
0.833178
0.832741
0.832305
0.831868
0.831431
0.830994
0.830558
0.830121
0.829684
0.829247
0.828811
0.828374
0.827937
0.827501
0.827064
0.826627
0.82619
0.825754
0.825317
0.82488
0.824443
0.824007
0.82357
0.823133
0.822697
0.82226
0.821823
0.821386
0.82095
0.820513
0.820076
0.819639
0.819203
0.818766
0.818329
0.817892
0.817456
0.817019
0.816582
0.816145
0.815709
0.815272
0.814835
0.814399
0.813962
0.813525
0.813088
0.812652
0.812215
0.811778
0.811342
0.810905
0.810468
0.810031
0.809595
0.809158
0.808721
0.808284
0.807848
0.807411
0.806974
0.806537
0.806101
0.805664
0.805227
0.80479
0.804354
0.803917
0.80348
0.803043
0.802607
0.80217
0.801733
0.801297
0.80086
0.800423
0.799986
0.79955
0.799113
0.798676
0.79824
0.797803
0.797366
0.796929
0.796492
0.796056
0.795619
0.795182
0.794746
0.794309
0.793872
0.793435
0.792999
0.792562
0.792125
0.791688
0.791252
0.790815
0.790378
0.789941
0.789505
0.789068
0.788631
0.788194
0.787758
0.787321
0.786884
0.786447
0.786011
0.785574
0.785137
0.784701
0.784264
0.783827
0.78339
0.782954
0.782517
0.78208
0.781643
0.781207
0.78077
0.780333
0.779896
0.77946
0.779023
0.778586
0.77815
0.777713
0.777276
0.776839
0.776403
0.775966
0.775529
0.775092
0.774656
0.774219
0.773782
0.773345
0.772909
0.772472
0.772035
0.771599
0.771162
0.770725
0.770288
0.769852
0.769415
0.768978
0.768542
0.768105
0.767668
0.767231
0.766795
0.766358
0.765921
0.765484
0.765048
0.764611
0.764174
0.763737
0.7633
0.762864
0.762427
0.76199
0.761554
0.761117
0.76068
0.760244
0.759807
0.75937
0.758933
0.758497
0.75806
0.757623
0.757186
0.75675
0.756313
0.755876
0.75544
0.755003
0.754566
0.754129
0.753693
0.753256
0.752819
0.752382
0.751946
0.751509
0.751072
0.750635
0.750199
0.749762
0.749325
0.748889
0.748452
0.748015
0.747578
0.747141
0.746705
0.746268
0.745831
0.745395
0.744958
0.744521
0.744084
0.743648
0.743211
0.742774
0.742337
0.741901
0.741464
0.741027
0.740591
0.740154
0.739717
0.73928
0.738844
0.738407
0.73797
0.737533
0.737096
0.73666
0.736223
0.735786
0.73535
0.734913
0.734476
0.734039
0.733603
0.733166
0.732729
0.732293
0.731856
0.731419
0.730982
0.730546
0.730109
0.729672
0.729235
0.728799
0.728362
0.727925
0.727488
0.727052
0.726615
0.726178
0.725741
0.725305
0.724868
0.724431
0.723995
0.723558
0.723121
0.722684
0.722248
0.721811
0.721374
0.720937
0.720501
0.720064
0.719627
0.71919
0.718754
0.718317
0.71788
0.717444
0.717007
0.71657
0.716133
0.715697
0.71526
0.714823
0.714386
0.71395
0.713513
0.713076
0.71264
0.712203
0.711766
0.711329
0.710893
0.710456
0.710019
0.709583
0.709146
0.708709
0.708272
0.707835
0.707399
0.706962
0.706525
0.706088
0.705652
0.705215
0.704778
0.704342
0.703905
0.703468
0.703031
0.702595
0.702158
0.701721
0.701284
0.700848
0.700411
0.699974
0.699537
0.699101
0.698664
0.698227
0.69779
0.697354
0.696917
0.69648
0.696044
0.695607
0.69517
0.694733
0.694297
0.69386
0.693423
0.692987
0.69255
0.692113
0.691676
0.691239
0.690803
0.690366
0.689929
0.689492
0.689056
0.688619
0.688182
0.687746
0.687309
0.686872
0.686435
0.685999
0.685562
0.685125
0.684689
0.684252
0.683815
0.683378
0.682942
0.682505
0.682068
0.681631
0.681195
0.680758
0.680321
0.679884
0.679448
0.679011
0.678574
0.678137
0.677701
0.677264
0.676827
0.676391
0.675954
0.675517
0.67508
0.674644
0.674207
0.67377
0.673333
0.672897
0.67246
0.672023
0.671587
0.67115
0.670713
0.670276
0.669839
0.669403
0.668966
0.668529
0.668093
0.667656
0.667219
0.666782
0.666346
0.665909
0.665472
0.665035
0.664599
0.664162
0.663725
0.663288
0.662852
0.662415
0.661978
0.661542
0.661105
0.660668
0.660231
0.659795
0.659358
0.658921
0.658484
0.658048
0.657611
0.657174
0.656738
0.656301
0.655864
0.655427
0.654991
0.654554
0.654117
0.65368
0.653244
0.652807
0.65237
0.651933
0.651497
0.65106
0.650623
0.650186
0.64975
0.649313
0.648876
0.648439
0.648003
0.647566
0.647129
0.646693
0.646256
0.645819
0.645382
0.644946
0.644509
0.644072
0.643636
0.643199
0.642762
0.642325
0.641888
0.641452
0.641015
0.640578
0.640142
0.639705
0.639268
0.638831
0.638395
0.637958
0.637521
0.637084
0.636648
0.636211
0.635774
0.635337
0.634901
0.634464
0.634027
0.633591
0.633154
0.632717
0.63228
0.631844
0.631407
0.63097
0.630533
0.630097
0.62966
0.629223
0.628787
0.62835
0.627913
0.627476
0.62704
0.626603
0.626166
0.625729
0.625293
0.624856
0.624419
0.623982
0.623546
0.623109
0.622672
0.622235
0.621799
0.621362
0.620925
0.620489
0.620052
0.619615
0.619178
0.618742
0.618305
0.617868
0.617431
0.616995
0.616558
0.616121
0.615685
0.615248
0.614811
0.614374
0.613938
0.613501
0.613064
0.612627
0.612191
0.611754
0.611317
0.61088
0.610444
0.610007
0.60957
0.609133
0.608697
0.60826
0.607823
0.607387
0.60695
0.606513
0.606076
0.60564
0.605203
0.604766
0.604329
0.603893
0.603456
0.603019
0.602582
0.602146
0.601709
0.601272
0.600835
0.600399
0.599962
0.599525
0.599089
0.598652
0.598215
0.597778
0.597342
0.596905
0.596468
0.596031
0.595595
0.595158
0.594721
0.594284
0.593848
0.593411
0.592974
0.592538
0.592101
0.591664
0.591227
0.590791
0.590354
0.589917
0.58948
0.589044
0.588607
0.58817
0.587733
0.587297
0.58686
0.586423
0.585987
0.58555
0.585113
0.584676
0.58424
0.583803
0.583366
0.582929
0.582493
0.582056
0.581619
0.581182
0.580746
0.580309
0.579872
0.579436
0.578999
0.578562
0.578125
0.577689
0.577252
0.576815
0.576378
0.575942
0.575505
0.575068
0.574631
0.574195
0.573758
0.573321
0.572884
0.572448
0.572011
0.571574
0.571138
0.570701
0.570264
0.569827
0.569391
0.568954
0.568517
0.56808
0.567644
0.567207
0.56677
0.566333
0.565897
0.56546
0.565023
0.564587
0.56415
0.563713
0.563276
0.56284
0.562403
0.561966
0.561529
0.561093
0.560656
0.560219
0.559783
0.559346
0.558909
0.558472
0.558035
0.557599
0.557162
0.556725
0.556288
0.555852
0.555415
0.554978
0.554542
0.554105
0.553668
0.553231
0.552795
0.552358
0.551921
0.551484
0.551048
0.550611
0.550174
0.549738
0.549301
0.548864
0.548427
0.547991
0.547554
0.547117
0.54668
0.546244
0.545807
0.54537
0.544933
0.544497
0.54406
0.543623
0.543186
0.54275
0.542313
0.541876
0.54144
0.541003
0.540566
0.540129
0.539693
0.539256
0.538819
0.538382
0.537946
0.537509
0.537072
0.536636
0.536199
0.535762
0.535325
0.534889
0.534452
0.534015
0.533578
0.533142
0.532705
0.532268
0.531831
0.531395
0.530958
0.530521
0.530084
0.529648
0.529211
0.528774
0.528338
0.527901
0.527464
0.527027
0.526591
0.526154
0.525717
0.52528
0.524844
0.524407
0.52397
0.523534
0.523097
0.52266
0.522223
0.521787
0.52135
0.520913
0.520476
0.520039
0.519603
0.519166
0.518729
0.518293
0.517856
0.517419
0.516982
0.516546
0.516109
0.515672
0.515236
0.514799
0.514362
0.513925
0.513489
0.513052
0.512615
0.512178
0.511742
0.511305
0.510868
0.510431
0.509995
0.509558
0.509121
0.508685
0.508248
0.507811
0.507374
0.506938
0.506501
0.506064
0.505627
0.505191
0.504754
0.504317
0.50388
0.503444
0.503007
0.50257
0.502134
0.501697
0.50126
0.500823
0.500387
0.49995
0.499513
0.499076
0.49864
0.498203
0.497766
0.497329
0.496893
0.496456
0.496019
0.495582
0.495146
0.494709
0.494272
0.493836
0.493399
0.492962
0.492525
0.492089
0.491652
0.491215
0.490778
0.490342
0.489905
0.489468
0.489031
0.488595
0.488158
0.487721
0.487285
0.486848
0.486411
0.485974
0.485538
0.485101
0.484664
0.484227
0.483791
0.483354
0.482917
0.48248
0.482044
0.481607
0.48117
0.480734
0.480297
0.47986
0.479423
0.478987
0.47855
0.478113
0.477676
0.47724
0.476803
0.476366
0.475929
0.475493
0.475056
0.474619
0.474183
0.473746
0.473309
0.472872
0.472436
0.471999
0.471562
0.471125
0.470689
0.470252
0.469815
0.469378
0.468942
0.468505
0.468068
0.467631
0.467195
0.466758
0.466321
0.465885
0.465448
0.465011
0.464574
0.464138
0.463701
0.463264
0.462827
0.462391
0.461954
0.461517
0.46108
0.460644
0.460207
0.45977
0.459334
0.458897
0.45846
0.458023
0.457587
0.45715
0.456713
0.456276
0.45584
0.455403
0.454966
0.454529
0.454093
0.453656
0.453219
0.452783
0.452346
0.451909
0.451472
0.451036
0.450599
0.450162
0.449725
0.449289
0.448852
0.448415
0.447979
0.447542
0.447105
0.446668
0.446232
0.445795
0.445358
0.444921
0.444485
0.444048
0.443611
0.443174
0.442738
0.442301
0.441864
0.441427
0.440991
0.440554
0.440117
0.43968
0.439244
0.438807
0.43837
0.437934
0.437497
0.43706
0.436623
0.436187
0.43575
0.435313
0.434877
0.43444
0.434003
0.433566
0.43313
0.432693
0.432256
0.431819
0.431383
0.430946
0.430509
0.430072
0.429636
0.429199
0.428762
0.428325
0.427889
0.427452
0.427015
0.426578
0.426142
0.425705
0.425268
0.424832
0.424395
0.423958
0.423521
0.423085
0.422648
0.422211
0.421774
0.421338
0.420901
0.420464
0.420027
0.419591
0.419154
0.418717
0.41828
0.417844
0.417407
0.41697
0.416534
0.416097
0.41566
0.415223
0.414787
0.41435
0.413913
0.413476
0.41304
0.412603
0.412166
0.411729
0.411293
0.410856
0.410419
0.409983
0.409546
0.409109
0.408672
0.408236
0.407799
0.407362
0.406925
0.406489
0.406052
0.405615
0.405178
0.404742
0.404305
0.403868
0.403432
0.402995
0.402558
0.402121
0.401685
0.401248
0.400811
0.400374
0.399938
0.399501
0.399064
0.398628
0.398191
0.397754
0.397317
0.396881
0.396444
0.396007
0.39557
0.395134
0.394697
0.39426
0.393823
0.393387
0.39295
0.392513
0.392076
0.39164
0.391203
0.390766
0.390329
0.389893
0.389456
0.389019
0.388583
0.388146
0.387709
0.387272
0.386836
0.386399
0.385962
0.385525
0.385089
0.384652
0.384215
0.383779
0.383342
0.382905
0.382468
0.382032
0.381595
0.381158
0.380721
0.380285
0.379848
0.379411
0.378974
0.378538
0.378101
0.377664
0.377228
0.376791
0.376354
0.375917
0.375481
0.375044
0.374607
0.37417
0.373734
0.373297
0.37286
0.372423
0.371987
0.37155
0.371113
0.370676
0.37024
0.369803
0.369366
0.36893
0.368493
0.368056
0.367619
0.367183
0.366746
0.366309
0.365872
0.365436
0.364999
0.364562
0.364125
0.363689
0.363252
0.362815
0.362378
0.361942
0.361505
0.361068
0.360632
0.360195
0.359758
0.359321
0.358885
0.358448
0.358011
0.357574
0.357138
0.356701
0.356264
0.355828
0.355391
0.354954
0.354517
0.354081
0.353644
0.353207
0.35277
0.352334
0.351897
0.35146
0.351023
0.350587
0.35015
0.349713
0.349276
0.34884
0.348403
0.347966
0.34753
0.347093
0.346656
0.346219
0.345783
0.345346
0.344909
0.344472
0.344036
0.343599
0.343162
0.342725
0.342289
0.341852
0.341415
0.340979
0.340542
0.340105
0.339668
0.339232
0.338795
0.338358
0.337921
0.337485
0.337048
0.336611
0.336174
0.335738
0.335301
0.334864
0.334428
0.333991
0.333554
0.333117
0.332681
0.332244
0.331807
0.33137
0.330934
0.330497
0.33006
0.329623
0.329187
0.32875
0.328313
0.327876
0.32744
0.327003
0.326566
0.32613
0.325693
0.325256
0.324819
0.324383
0.323946
0.323509
0.323072
0.322636
0.322199
0.321762
0.321325
0.320889
0.320452
0.320015
0.319579
0.319142
0.318705
0.318268
0.317832
0.317395
0.316958
0.316521
0.316085
0.315648
0.315211
0.314774
0.314338
0.313901
0.313464
0.313028
0.312591
0.312154
0.311717
0.311281
0.310844
0.310407
0.30997
0.309534
0.309097
0.30866
0.308223
0.307787
0.30735
0.306913
0.306477
0.30604
0.305603
0.305166
0.30473
0.304293
0.303856
0.303419
0.302983
0.302546
0.302109
0.301672
0.301236
0.300799
0.300362
0.299925
0.299489
0.299052
0.298615
0.298179
0.297742
0.297305
0.296868
0.296432
0.295995
0.295558
0.295121
0.294685
0.294248
0.293811
0.293374
0.292938
0.292501
0.292064
0.291628
0.291191
0.290754
0.290317
0.289881
0.289444
0.289007
0.28857
0.288134
0.287697
0.28726
0.286823
0.286387
0.28595
0.285513
0.285077
0.28464
0.284203
0.283766
0.28333
0.282893
0.282456
0.282019
0.281583
0.281146
0.280709
0.280272
0.279836
0.279399
0.278962
0.278526
0.278089
0.277652
0.277215
0.276779
0.276342
0.275905
0.275468
0.275032
0.274595
0.274158
0.273721
0.273285
0.272848
0.272411
0.271975
0.271538
0.271101
0.270664
0.270228
0.269791
0.269354
0.268917
0.268481
0.268044
0.267607
0.26717
0.266734
0.266297
0.26586
0.265424
0.264987
0.26455
0.264113
0.263677
0.26324
0.262803
0.262366
0.26193
0.261493
0.261056
0.260619
0.260183
0.259746
0.259309
0.258872
0.258436
0.257999
0.257562
0.257126
0.256689
0.256252
0.255815
0.255379
0.254942
0.254505
0.254068
0.253632
0.253195
0.252758
0.252321
0.251885
0.251448
0.251011
0.250575
0.250138
0.249701
0.249264
0.248828
0.248391
0.247954
0.247517
0.247081
0.246644
0.246207
0.24577
0.245334
0.244897
0.24446
0.244024
0.243587
0.24315
0.242713
0.242277
0.24184
0.241403
0.240966
0.24053
0.240093
0.239656
0.239219
0.238783
0.238346
0.237909
0.237472
0.237036
0.236599
0.236162
0.235726
0.235289
0.234852
0.234415
0.233979
0.233542
0.233105
0.232668
0.232232
0.231795
0.231358
0.230921
0.230485
0.230048
0.229611
0.229175
0.228738
0.228301
0.227864
0.227428
0.226991
0.226554
0.226117
0.225681
0.225244
0.224807
0.22437
0.223934
0.223497
0.22306
0.222624
0.222187
0.22175
0.221313
0.220877
0.22044
0.220003
0.219566
0.21913
0.218693
0.218256
0.217819
0.217383
0.216946
0.216509
0.216072
0.215636
0.215199
0.214762
0.214326
0.213889
0.213452
0.213015
0.212579
0.212142
0.211705
0.211268
0.210832
0.210395
0.209958
0.209521
0.209085
0.208648
0.208211
0.207775
0.207338
0.206901
0.206464
0.206028
0.205591
0.205154
0.204717
0.204281
0.203844
0.203407
0.20297
0.202534
0.202097
0.20166
0.201224
0.200787
0.20035
0.199913
0.199477
0.19904
0.198603
0.198166
0.19773
0.197293
0.196856
0.196419
0.195983
0.195546
0.195109
0.194673
0.194236
0.193799
0.193362
0.192926
0.192489
0.192052
0.191615
0.191179
0.190742
0.190305
0.189868
0.189432
0.188995
0.188558
0.188122
0.187685
0.187248
0.186811
0.186375
0.185938
0.185501
0.185064
0.184628
0.184191
0.183754
0.183317
0.182881
0.182444
0.182007
0.181571
0.181134
0.180697
0.18026
0.179824
0.179387
0.17895
0.178513
0.178077
0.17764
0.177203
0.176766
0.17633
0.175893
0.175456
0.17502
0.174583
0.174146
0.173709
0.173273
0.172836
0.172399
0.171962
0.171526
0.171089
0.170652
0.170215
0.169779
0.169342
0.168905
0.168468
0.168032
0.167595
0.167158
0.166722
0.166285
0.165848
0.165411
0.164975
0.164538
0.164101
0.163664
0.163228
0.162791
0.162354
0.161917
0.161481
0.161044
0.160607
0.160171
0.159734
0.159297
0.15886
0.158424
0.157987
0.15755
0.157113
0.156677
0.15624
0.155803
0.155366
0.15494
0.154513
0.154087
0.15366
0.153243
0.152827
0.15241
0.151994
0.151577
0.15116
0.150744
0.150327
0.149911
0.149494
0.149078
0.148661
0.148245
0.147828
0.147411
0.146995
0.146578
0.146162
0.145745
0.145329
0.144912
0.144495
0.144079
0.143662
0.143246
0.142829
0.142413
0.141996
0.141589
0.141183
0.140776
0.140369
0.139963
0.139556
0.139149
0.138743
0.138336
0.13793
0.137523
0.137116
0.13671
0.136303
0.135896
0.13549
0.135083
0.134676
0.13427
0.133863
0.133456
0.13305
0.132643
0.132237
0.13183
0.131423
0.131017
0.13061
0.130203
0.129797
0.12939
0.128983
0.128577
0.12817
0.127764
0.127357
0.12695
0.126544
0.126137
0.12573
0.125324
0.124917
0.12451
0.124114
0.123717
0.12332
0.122923
0.122526
0.122129
0.121732
0.121335
0.120948
0.120561
0.120173
0.119786
0.119399
0.119021
0.118644
0.118266
0.117888
0.117511
0.117133
0.116756
0.116378
0.116
0.115623
0.115245
0.114868
0.11449
0.114112
0.113735
0.113357
0.11298
0.112612
0.112253
0.111895
0.111536
0.111178
0.110819
0.110461
0.110103
0.109744
0.109386
0.109027
0.108669
0.10831
0.107952
0.107603
0.107254
0.106905
0.106556
0.106207
0.105858
0.105509
0.10516
0.104811
0.104462
0.104113
0.103764
0.103425
0.103085
0.102746
0.102406
0.102076
0.101765
0.101454
0.101143
0.100832
0.10052
0.100209
0.0998979
